OPTIONS:5,2,True,False,18
HOME:29.524947,-98.473251,20
29.524662,-98.472916,20,0
